1 Iovan 100 0 1549824318 6 0 0 1544569275
13065 andros 1 0 1581643904 5 0 0 0
3 Samael 100 0 1474140358 6 0 0 1474140363
9 xyron 1 0 1418788292 5 0 0 0
304 Virtus 100 0 1633537777 6 0 0 1633417163
335 Rillao 100 0 1632190144 6 0 0 1552705901
1091 bananatwo 105 0 1486524588 0 0 0 0
13976 jay 1 0 1632172358 0 0 0 0
1803 Suzumebachi 105 0 1599869791 5 0 0 1546935191
1832 krie 105 0 1519597933 1 0 0 0
14432 sorrow 2 0 1633474542 0 0 0 0
2191 mariss 105 0 1520743811 0 0 0 0
14506 frank 6 0 1633557208 0 0 0 0
14254 mannagoth 105 0 1633509328 3 0 0 0
14142 sarada 3 0 1632864739 0 0 0 1632353117
12014 galia 87 0 1605301599 0 0 0 1551322410
11496 Seddy 105 0 1582495742 5 0 0 0
11499 lawbind 105 0 1558635672 2 0 0 0
11501 Kouhyou 100 0 1606293484 0 0 0 1554116439
11620 soleru 90 0 1606076485 0 0 0 1587150384
13336 bartholomew 10 0 1632313347 0 0 0 1631940701
14266 hera 1 0 1633220658 0 0 0 0
14247 gideon 16 0 1633219734 0 0 0 1632956221
14512 melody 6 0 1634720375 0 0 0 0
14318 ezra 5 0 1633553323 0 0 0 0
12521 uxmai 45 0 1605136272 0 0 0 1556466518
13331 dao 3 0 1632057367 0 0 0 1631921654
14302 renalus 8 0 1633537724 0 0 0 1633531342
12995 skthez 13 0 1605128732 0 0 0 1591915353
13007 philf 21 0 1606795542 0 0 0 0
13133 pollux 39 0 1604602279 0 0 0 1586371236
14343 neneko 1 0 1633440600 0 0 0 0
14509 velan 1 0 1633479285 0 0 0 1633479354
13306 zaum 9 0 1632175871 0 0 0 0
13327 kah 41 0 1632166165 0 0 0 0
13333 xyvilor 5 0 1632058370 0 0 0 0
13335 tristitia 21 0 1632306341 0 0 0 1631929960
13338 reverence 6 0 1632314447 0 0 0 0
13342 dave 3 0 1632276213 0 0 0 0
14280 Aris 11 0 1633530585 0 0 0 1633425391
13352 vasaril 14 0 1632067892 0 0 0 0
13358 pickle 11 0 1632284893 0 0 0 0
13360 rukburi 51 0 1632267393 0 0 0 1632012914
13367 yuna 8 0 1632069442 0 0 0 0
14346 zuki 11 0 1633459905 0 0 0 0
13853 shiitake 12 0 1632317871 0 0 0 1632098222
13854 kari 3 0 1632290508 0 0 0 0
14231 inkosi 3 0 1632703725 0 0 0 0
13870 arkyn 5 0 1632294170 0 0 0 0
13918 ibjs 2 0 1632107366 0 0 0 0
13977 Tsokolate 105 0 1633533404 3 0 0 1632260819
13983 anzu 1 0 1632221709 0 0 0 1632221716
14012 case 1 0 1632278975 0 0 0 0
14014 sharoto 1 0 1632295897 0 0 0 0
14167 zero 1 0 1632555997 0 0 0 0
14046 fyshyck 1 0 1632277393 0 0 0 0
14349 gallia 15 0 1633552507 0 0 0 1633451940
14053 nevar 1 0 1632285489 0 0 0 1632285481
14078 jillian 6 0 1632359481 0 0 0 0
14058 bosch 3 0 1632320016 0 0 0 1632319970
14072 orendi 30 0 1632672445 0 0 0 1632416542
14061 bob 1 0 1632321712 0 0 0 0
14326 gekidojin 22 0 1633557568 0 0 0 0
14068 set 105 0 1633557390 6 0 0 1632798266
14069 doofus 23 0 1632879597 0 0 0 1632871598
14074 alec 2 0 1632340639 0 0 0 0
14080 fau 1 0 1633217407 0 0 0 0
14125 allele 51 0 1633334288 0 0 0 1632340725
14129 stanuel 36 0 1633290570 0 0 0 0
14137 sukotsu 2 0 1632736491 0 0 0 0
14153 calle 8 0 1632424749 0 0 0 0
14157 mal 36 0 1633330316 0 0 0 0
14163 zahn 1 0 1633302283 0 0 0 0
14170 veltas 5 0 1633045159 0 0 0 0
14171 cain 3 0 1632458716 0 0 0 1632458359
14178 tsubasa 4 0 1632476769 0 0 0 1632464929
14179 juan 2 0 1632485028 0 0 0 0
14516 rabi 11 0 1633553089 0 0 0 0
14187 abraxus 11 0 1632896169 0 0 0 1632797953
14193 hammer 2 0 1632537523 0 0 0 0
14204 riggs 61 0 1633309016 0 0 0 0
14345 nyx 1 0 1633441102 0 0 0 0
14315 russ 1 0 1633427405 0 0 0 0
14220 hexus 5 0 1633070990 0 0 0 0
14221 freb 4 0 1632850419 0 0 0 0
14224 kewne 2 0 1632607083 0 0 0 0
14227 celera 34 0 1633330876 0 0 0 0
14230 oro 12 0 1632756518 0 0 0 0
14237 antonn 1 0 1632749425 0 0 0 0
14252 kadula 9 0 1633197728 0 0 0 1632932828
14261 syrant 16 0 1633334021 0 0 0 1633250405
14263 pico 2 0 1633127151 0 0 0 0
14264 maelthra 3 0 1633181488 0 0 0 0
14265 vesdrac 4 0 1633186348 0 0 0 0
14269 zanaz 1 0 1633284876 0 0 0 0
14270 aivvon 4 0 1633313396 0 0 0 1633304260
14271 dar 1 0 1633307936 0 0 0 0
14272 lar 1 0 1633313216 0 0 0 0
14274 koshou 21 0 1633557101 0 0 0 0
14275 mcguffin 2 0 1633400855 0 0 0 0
14281 shazaam 17 0 1633557268 0 0 0 0
14292 suvulaan 10 0 1633554088 0 0 0 0
14295 weat 3 0 1633518557 0 0 0 0
14308 donovon 44 0 1633557568 0 0 0 0
14309 karb 1 0 1633424015 0 0 0 0
14314 nero 30 0 1633537304 0 0 0 0
14316 libitina 1 0 1633425825 0 0 0 0
14317 alaria 6 0 1633473225 0 0 0 0
14331 zucchi 17 0 1633553674 0 0 0 1633444596
14332 eclair 12 0 1633553024 0 0 0 0
14342 zaoden 6 0 1633557395 0 0 0 1633440114
14344 hans 2 0 1633444405 0 0 0 0
14350 tajana 2 0 1633554091 0 0 0 0
14438 alm 1 0 1633557585 0 0 0 0
14439 poca 2 0 1633458709 0 0 0 0
14457 jijo 8 0 1633557596 0 0 0 1633496171
14466 zurzaz 1 0 1633474275 0 0 0 1633458487
14502 nova 1 0 1633508025 0 0 0 0
14504 lucita 10 0 1633546565 0 0 0 1633535998
14505 surrell 13 0 1633555005 0 0 0 1633496268
14507 khikx 2 0 1633484444 0 0 0 0
14508 toma 1 0 1633556930 0 0 0 0
14510 aselia 1 0 1633557591 0 0 0 0
14511 qilina 1 0 1633498305 0 0 0 0
14513 nocchtless 2 0 1633518604 0 0 0 1633504090
14515 presto 13 0 1633553062 0 0 0 1633518075
14517 nocchterra 2 0 1633522905 0 0 0 0
14520 saul 2 0 1633557395 0 0 0 1633543365
14521 zain 2 0 1633555733 0 0 0 1633552166
14522 razza 1 0 1633557568 0 0 0 0
~
